     x   |  ReLU  |  GELU  |  SiLU
---------+--------+--------+-------
   -2.0  |  0.000 | -0.046 | -0.238
   -1.0  |  0.000 | -0.159 | -0.269
   -0.5  |  0.000 | -0.154 | -0.189
    0.0  |  0.000 |  0.000 |  0.000
    0.5  |  0.500 |  0.346 |  0.311
    1.0  |  1.000 |  0.841 |  0.731
    2.0  |  2.000 |  1.954 |  1.762

     x   | ReLU' | GELU'  | SiLU'
---------+-------+--------+------
   -2.0  | 0.000 | -0.085 | -0.091
   -1.0  | 0.000 | -0.083 |  0.072
   -0.5  | 0.000 |  0.133 |  0.260
    0.0  | 0.000 |  0.500 |  0.500
    0.5  | 1.000 |  0.867 |  0.740
    1.0  | 1.000 |  1.083 |  0.928
    2.0  | 1.000 |  1.085 |  1.091
